{
 "cells": [
  {
   "cell_type": "code",
   "execution_count": 9,
   "id": "cc05dc0d",
   "metadata": {},
   "outputs": [],
   "source": [
    "import numpy as np\n",
    "import pandas as pd"
   ]
  },
  {
   "cell_type": "code",
   "execution_count": 2,
   "id": "9c16eba6",
   "metadata": {},
   "outputs": [],
   "source": [
    "def get_hat_matrix(X):\n",
    "    \"\"\"\n",
    "    Computes the Hat matrix (projection matrix) for a given design matrix X.\n",
    "    \n",
    "    Args:\n",
    "        X (numpy.ndarray): The design matrix of shape (n_samples, n_features).\n",
    "    \n",
    "    Returns:\n",
    "        numpy.ndarray: The Hat matrix of shape (n_samples, n_samples).\n",
    "    \"\"\"\n",
    "    # Calculate the matrix product X'X\n",
    "    XtX = np.dot(X.T, X)\n",
    "    \n",
    "    # Calculate the inverse of (X'X)\n",
    "    XtX_inv = np.linalg.pinv(XtX)\n",
    "    \n",
    "    # Calculate the Hat matrix\n",
    "    H = np.dot(X, np.dot(XtX_inv, X.T))\n",
    "    \n",
    "    return H"
   ]
  },
  {
   "cell_type": "code",
   "execution_count": 15,
   "id": "7971d1f7",
   "metadata": {},
   "outputs": [
    {
     "data": {
      "text/html": [
       "<div>\n",
       "<style scoped>\n",
       "    .dataframe tbody tr th:only-of-type {\n",
       "        vertical-align: middle;\n",
       "    }\n",
       "\n",
       "    .dataframe tbody tr th {\n",
       "        vertical-align: top;\n",
       "    }\n",
       "\n",
       "    .dataframe thead th {\n",
       "        text-align: right;\n",
       "    }\n",
       "</style>\n",
       "<table border=\"1\" class=\"dataframe\">\n",
       "  <thead>\n",
       "    <tr style=\"text-align: right;\">\n",
       "      <th></th>\n",
       "      <th>Color</th>\n",
       "      <th>Quality</th>\n",
       "      <th>Price</th>\n",
       "    </tr>\n",
       "  </thead>\n",
       "  <tbody>\n",
       "    <tr>\n",
       "      <th>0</th>\n",
       "      <td>7</td>\n",
       "      <td>5</td>\n",
       "      <td>65</td>\n",
       "    </tr>\n",
       "    <tr>\n",
       "      <th>1</th>\n",
       "      <td>3</td>\n",
       "      <td>7</td>\n",
       "      <td>38</td>\n",
       "    </tr>\n",
       "    <tr>\n",
       "      <th>2</th>\n",
       "      <td>5</td>\n",
       "      <td>8</td>\n",
       "      <td>51</td>\n",
       "    </tr>\n",
       "    <tr>\n",
       "      <th>3</th>\n",
       "      <td>8</td>\n",
       "      <td>1</td>\n",
       "      <td>38</td>\n",
       "    </tr>\n",
       "    <tr>\n",
       "      <th>4</th>\n",
       "      <td>9</td>\n",
       "      <td>3</td>\n",
       "      <td>55</td>\n",
       "    </tr>\n",
       "    <tr>\n",
       "      <th>5</th>\n",
       "      <td>5</td>\n",
       "      <td>4</td>\n",
       "      <td>43</td>\n",
       "    </tr>\n",
       "    <tr>\n",
       "      <th>6</th>\n",
       "      <td>4</td>\n",
       "      <td>0</td>\n",
       "      <td>25</td>\n",
       "    </tr>\n",
       "    <tr>\n",
       "      <th>7</th>\n",
       "      <td>2</td>\n",
       "      <td>6</td>\n",
       "      <td>33</td>\n",
       "    </tr>\n",
       "    <tr>\n",
       "      <th>8</th>\n",
       "      <td>8</td>\n",
       "      <td>7</td>\n",
       "      <td>71</td>\n",
       "    </tr>\n",
       "    <tr>\n",
       "      <th>9</th>\n",
       "      <td>6</td>\n",
       "      <td>4</td>\n",
       "      <td>51</td>\n",
       "    </tr>\n",
       "    <tr>\n",
       "      <th>10</th>\n",
       "      <td>9</td>\n",
       "      <td>2</td>\n",
       "      <td>49</td>\n",
       "    </tr>\n",
       "  </tbody>\n",
       "</table>\n",
       "</div>"
      ],
      "text/plain": [
       "    Color  Quality  Price\n",
       "0       7        5     65\n",
       "1       3        7     38\n",
       "2       5        8     51\n",
       "3       8        1     38\n",
       "4       9        3     55\n",
       "5       5        4     43\n",
       "6       4        0     25\n",
       "7       2        6     33\n",
       "8       8        7     71\n",
       "9       6        4     51\n",
       "10      9        2     49"
      ]
     },
     "execution_count": 15,
     "metadata": {},
     "output_type": "execute_result"
    }
   ],
   "source": [
    "# Example usage\n",
    "# Generate some sample data\n",
    "data = pd.read_excel('DA1_hat_data.xlsx')\n",
    "data"
   ]
  },
  {
   "cell_type": "code",
   "execution_count": 8,
   "id": "e34e4e7e",
   "metadata": {},
   "outputs": [
    {
     "data": {
      "text/plain": [
       "array([[ 0.21654154,  0.08150552,  0.01891755, -0.07607394, -0.04469079,\n",
       "         0.1288346 ,  0.30392766,  0.09969713,  0.17592992,  0.03265668,\n",
       "         0.06275412],\n",
       "       [ 0.08150552,  0.20759447,  0.19843417,  0.0851218 ,  0.00180134,\n",
       "        -0.0026508 ,  0.08774337,  0.06961814,  0.07277517,  0.29108138,\n",
       "        -0.09302456],\n",
       "       [ 0.01891755,  0.19843417,  0.27691664,  0.15383796, -0.01254176,\n",
       "         0.15966905, -0.11978858,  0.02187698,  0.07154106,  0.29518477,\n",
       "        -0.06404783],\n",
       "       [-0.07607394,  0.0851218 ,  0.15383796,  0.32079662,  0.31527535,\n",
       "         0.00303029, -0.16388559,  0.09640663, -0.03230829,  0.13793109,\n",
       "         0.15986807],\n",
       "       [-0.04469079,  0.00180134, -0.01254176,  0.31527535,  0.48255153,\n",
       "        -0.16380648,  0.02089352,  0.17746164, -0.05871481, -0.01115545,\n",
       "         0.29292591],\n",
       "       [ 0.1288346 , -0.0026508 ,  0.15966905,  0.00303029, -0.16380648,\n",
       "         0.7029837 , -0.16528567, -0.0327558 ,  0.24924689, -0.08463565,\n",
       "         0.20536987],\n",
       "       [ 0.30392766,  0.08774337, -0.11978858, -0.16388559,  0.02089352,\n",
       "        -0.16528567,  0.63553195,  0.18704913,  0.16139191,  0.01652322,\n",
       "         0.03589908],\n",
       "       [ 0.09969713,  0.06961814,  0.02187698,  0.09640663,  0.17746164,\n",
       "        -0.0327558 ,  0.18704913,  0.13350944,  0.06574326,  0.05328884,\n",
       "         0.12810462],\n",
       "       [ 0.17592992,  0.07277517,  0.07154106, -0.03230829, -0.05871481,\n",
       "         0.24924689,  0.16139191,  0.06574326,  0.17842073,  0.03049799,\n",
       "         0.08547617],\n",
       "       [ 0.03265668,  0.29108138,  0.29518477,  0.13793109, -0.01115545,\n",
       "        -0.08463565,  0.01652322,  0.05328884,  0.03049799,  0.44855298,\n",
       "        -0.20992585],\n",
       "       [ 0.06275412, -0.09302456, -0.06404783,  0.15986807,  0.29292591,\n",
       "         0.20536987,  0.03589908,  0.12810462,  0.08547617, -0.20992585,\n",
       "         0.39660039]])"
      ]
     },
     "execution_count": 8,
     "metadata": {},
     "output_type": "execute_result"
    }
   ],
   "source": [
    "\n",
    "# Add a column of ones for the intercept term\n",
    "X = np.column_stack((np.ones(n_samples), X))\n",
    "\n",
    "# Calculate the Hat matrix\n",
    "H = get_hat_matrix(X)\n",
    "#print(H)  # Output: (100, 100)\n",
    "H"
   ]
  }
 ],
 "metadata": {
  "kernelspec": {
   "display_name": "Python 3 (ipykernel)",
   "language": "python",
   "name": "python3"
  },
  "language_info": {
   "codemirror_mode": {
    "name": "ipython",
    "version": 3
   },
   "file_extension": ".py",
   "mimetype": "text/x-python",
   "name": "python",
   "nbconvert_exporter": "python",
   "pygments_lexer": "ipython3",
   "version": "3.11.4"
  }
 },
 "nbformat": 4,
 "nbformat_minor": 5
}
